contract_id,method,cost_scope,target_definition,target_se,Q,required_pricing_observations,required_simulated_paths,training_paths,pilot_paths,shared_paths,runtime_projection_basis_n,runtime_projection_is_empirical_or_projected,setup_reuse_assumption,projected_pricing_runtime_s_median,projected_pricing_runtime_s_mean_sensitivity,setup_cost_s,ncv_setup_cost_s,setup_runtime_components,marginal_pricing_cost_s,marginal_runtime_components,projected_total_cost_s,marginal_runtime_s,one_time_runtime_s,standalone_runtime_s,feasible,failure_reason
reference,MC,end_to_end,match_gcv_50000_se,0.016942650723312858,1,267421,267421,0,0,0,200,projected_from_empirical_single_n,no setup cost,2.1033938585553478,2.1033938585553478,0.0,NA,none,2.1033938585553478,pricing_runtime_s,2.1033938585553478,2.1033938585553478,0.0,2.1033938585553478,True,
reference,MC,end_to_end,match_scratch_50000_se,0.5466713112230066,1,257,257,0,0,0,200,projected_from_empirical_single_n,no setup cost,0.0020214277175267625,0.0020214277175267625,0.0,NA,none,0.0020214277175267625,pricing_runtime_s,0.0020214277175267625,0.0020214277175267625,0.0,0.0020214277175267625,True,
reference,MC,end_to_end,fixed_se_0.001,0.001,1,76764084,76764084,0,0,0,200,projected_from_empirical_single_n,no setup cost,603.7861755181037,603.7861755181037,0.0,NA,none,603.7861755181037,pricing_runtime_s,603.7861755181037,603.7861755181037,0.0,603.7861755181037,True,
reference,AV,end_to_end,match_gcv_50000_se,0.016942650723312858,1,65010,130020,0,0,0,200,projected_from_empirical_single_n,no setup cost,0.6498853044759301,0.6498853044759301,0.0,NA,none,0.6498853044759301,pricing_runtime_s,0.6498853044759301,0.6498853044759301,0.0,0.6498853044759301,True,
reference,AV,end_to_end,match_scratch_50000_se,0.5466713112230066,1,63,126,0,0,0,200,projected_from_empirical_single_n,no setup cost,0.0006297919425009013,0.0006297919425009013,0.0,NA,none,0.0006297919425009013,pricing_runtime_s,0.0006297919425009013,0.0006297919425009013,0.0,0.0006297919425009013,True,
reference,AV,end_to_end,fixed_se_0.001,0.001,1,18661111,37322222,0,0,0,200,projected_from_empirical_single_n,no setup cost,186.5494816811895,186.5494816811895,0.0,NA,none,186.5494816811895,pricing_runtime_s,186.5494816811895,186.5494816811895,0.0,186.5494816811895,True,
reference,GCV,end_to_end,match_gcv_50000_se,0.016942650723312858,1,201,201,0,50,0,200,projected_from_empirical_single_n,GCV pilot counted once per target,0.0015066271574403346,0.0015066271574403346,0.000858630499976698,NA,pilot_runtime_s,0.0015066271574403346,pricing_runtime_s,0.0023652576574170327,0.0015066271574403346,0.000858630499976698,0.0023652576574170327,True,
reference,GCV,end_to_end,match_scratch_50000_se,0.5466713112230066,1,2,2,0,50,0,200,projected_from_empirical_single_n,GCV pilot counted once per target,1.4991314999406314e-05,1.4991314999406314e-05,0.000858630499976698,NA,pilot_runtime_s,1.4991314999406314e-05,pricing_runtime_s,0.0008736218149761044,1.4991314999406314e-05,0.000858630499976698,0.0008736218149761044,True,
reference,GCV,end_to_end,fixed_se_0.001,0.001,1,57494,57494,0,50,0,200,projected_from_empirical_single_n,GCV pilot counted once per target,0.4309553322879333,0.4309553322879333,0.000858630499976698,NA,pilot_runtime_s,0.4309553322879333,pricing_runtime_s,0.43181396278791,0.4309553322879333,0.000858630499976698,0.43181396278791,True,
reference,NCV_SCRATCH,end_to_end,match_gcv_50000_se,0.016942650723312858,1,210726,210726,100,0,0,200,projected_from_empirical_single_n,target NCV setup (training-data generation + optimizer runtime) counted once; validation/tuning evaluation excluded,4.845068561229201,4.845068561229201,0.134135274499954,0.134135274499954,ncv_setup_cost_s,4.845068561229201,pricing_runtime_s,4.979203835729155,4.845068561229201,0.134135274499954,4.979203835729155,True,
reference,NCV_SCRATCH,end_to_end,match_scratch_50000_se,0.5466713112230066,1,203,203,100,0,0,200,projected_from_empirical_single_n,target NCV setup (training-data generation + optimizer runtime) counted once; validation/tuning evaluation excluded,0.004667430302523314,0.004667430302523314,0.134135274499954,0.134135274499954,ncv_setup_cost_s,0.004667430302523314,pricing_runtime_s,0.1388027048024773,0.004667430302523314,0.134135274499954,0.1388027048024773,True,
reference,NCV_SCRATCH,end_to_end,fixed_se_0.001,0.001,1,60489398,60489398,100,0,0,200,projected_from_empirical_single_n,target NCV setup (training-data generation + optimizer runtime) counted once; validation/tuning evaluation excluded,1390.7884197369121,1390.7884197369121,0.134135274499954,0.134135274499954,ncv_setup_cost_s,1390.7884197369121,pricing_runtime_s,1390.922555011412,1390.7884197369121,0.134135274499954,1390.922555011412,True,
strike_low,MC,end_to_end,match_gcv_50000_se,0.021926106106842785,1,245826,245826,0,0,0,200,projected_from_empirical_single_n,no setup cost,2.0359579728555532,2.0359579728555532,0.0,NA,none,2.0359579728555532,pricing_runtime_s,2.0359579728555532,2.0359579728555532,0.0,2.0359579728555532,True,
strike_low,MC,end_to_end,match_scratch_50000_se,0.7546671926734114,1,208,208,0,0,0,200,projected_from_empirical_single_n,no setup cost,0.0017226788799962376,0.0017226788799962376,0.0,NA,none,0.0017226788799962376,pricing_runtime_s,0.0017226788799962376,0.0017226788799962376,0.0,0.0017226788799962376,True,
strike_low,MC,end_to_end,fixed_se_0.001,0.001,1,118181581,118181581,0,0,0,200,projected_from_empirical_single_n,no setup cost,978.7928538137722,978.7928538137722,0.0,NA,none,978.7928538137722,pricing_runtime_s,978.7928538137722,978.7928538137722,0.0,978.7928538137722,True,
strike_low,AV,end_to_end,match_gcv_50000_se,0.021926106106842785,1,3022,6044,0,0,0,200,projected_from_empirical_single_n,no setup cost,0.03847724480538886,0.03847724480538886,0.0,NA,none,0.03847724480538886,pricing_runtime_s,0.03847724480538886,0.03847724480538886,0.0,0.03847724480538886,True,
strike_low,AV,end_to_end,match_scratch_50000_se,0.7546671926734114,1,3,6,0,0,0,200,projected_from_empirical_single_n,no setup cost,3.819713250038603e-05,3.819713250038603e-05,0.0,NA,none,3.819713250038603e-05,pricing_runtime_s,3.819713250038603e-05,3.819713250038603e-05,0.0,3.819713250038603e-05,True,
strike_low,AV,end_to_end,fixed_se_0.001,0.001,1,1452419,2904838,0,0,0,200,projected_from_empirical_single_n,no setup cost,18.492746996359394,18.492746996359394,0.0,NA,none,18.492746996359394,pricing_runtime_s,18.492746996359394,18.492746996359394,0.0,18.492746996359394,True,
strike_low,GCV,end_to_end,match_gcv_50000_se,0.021926106106842785,1,201,201,0,50,0,200,projected_from_empirical_single_n,GCV pilot counted once per target,0.0021203711099656176,0.0021203711099656176,0.0010905099999831691,NA,pilot_runtime_s,0.0021203711099656176,pricing_runtime_s,0.0032108811099487867,0.0021203711099656176,0.0010905099999831691,0.0032108811099487867,True,
strike_low,GCV,end_to_end,match_scratch_50000_se,0.7546671926734114,1,2,2,0,50,0,200,projected_from_empirical_single_n,GCV pilot counted once per target,2.1098219999657886e-05,2.1098219999657886e-05,0.0010905099999831691,NA,pilot_runtime_s,2.1098219999657886e-05,pricing_runtime_s,0.001111608219982827,2.1098219999657886e-05,0.0010905099999831691,0.001111608219982827,True,
strike_low,GCV,end_to_end,fixed_se_0.001,0.001,1,96312,96312,0,50,0,200,projected_from_empirical_single_n,GCV pilot counted once per target,1.0160058823035252,1.0160058823035252,0.0010905099999831691,NA,pilot_runtime_s,1.0160058823035252,pricing_runtime_s,1.0170963923035083,1.0160058823035252,0.0010905099999831691,1.0170963923035083,True,
strike_low,NCV_SCRATCH,end_to_end,match_gcv_50000_se,0.021926106106842785,1,236997,236997,100,0,0,200,projected_from_empirical_single_n,target NCV setup (training-data generation + optimizer runtime) counted once; validation/tuning evaluation excluded,5.37546819276848,5.37546819276848,0.1886833845000524,0.1886833845000524,ncv_setup_cost_s,5.37546819276848,pricing_runtime_s,5.564151577268532,5.37546819276848,0.1886833845000524,5.564151577268532,True,
strike_low,NCV_SCRATCH,end_to_end,match_scratch_50000_se,0.7546671926734114,1,201,201,100,0,0,200,projected_from_empirical_single_n,target NCV setup (training-data generation + optimizer runtime) counted once; validation/tuning evaluation excluded,0.004558999087526275,0.004558999087526275,0.1886833845000524,0.1886833845000524,ncv_setup_cost_s,0.004558999087526275,pricing_runtime_s,0.19324238358757867,0.004558999087526275,0.1886833845000524,0.19324238358757867,True,
strike_low,NCV_SCRATCH,end_to_end,fixed_se_0.001,0.001,1,113937164,113937164,100,0,0,200,projected_from_empirical_single_n,target NCV setup (training-data generation + optimizer runtime) counted once; validation/tuning evaluation excluded,2584.2757547827437,2584.2757547827437,0.1886833845000524,0.1886833845000524,ncv_setup_cost_s,2584.2757547827437,pricing_runtime_s,2584.4644381672438,2584.2757547827437,0.1886833845000524,2584.4644381672438,True,
strike_low,NCV_TRANSFER_BETA1,end_to_end,match_gcv_50000_se,0.021926106106842785,1,212603,212603,0,0,100,200,projected_from_empirical_single_n,shared reference NCV training counted once,3.163262102692548,3.163262102692548,0.7008628370000451,0.7008628370000451,shared_reference_training_runtime_s,3.163262102692548,pricing_runtime_s,3.864124939692593,3.163262102692548,0.7008628370000451,3.864124939692593,True,
strike_low,NCV_TRANSFER_BETA1,end_to_end,match_scratch_50000_se,0.7546671926734114,1,180,180,0,0,100,200,projected_from_empirical_single_n,shared reference NCV training counted once,0.0026781709500085073,0.0026781709500085073,0.7008628370000451,0.7008628370000451,shared_reference_training_runtime_s,0.0026781709500085073,pricing_runtime_s,0.7035410079500537,0.0026781709500085073,0.7008628370000451,0.7035410079500537,True,
strike_low,NCV_TRANSFER_BETA1,end_to_end,fixed_se_0.001,0.001,1,102209753,102209753,0,0,100,200,projected_from_empirical_single_n,shared reference NCV training counted once,1520.751062734138,1520.751062734138,0.7008628370000451,0.7008628370000451,shared_reference_training_runtime_s,1520.751062734138,pricing_runtime_s,1521.451925571138,1520.751062734138,0.7008628370000451,1521.451925571138,True,
strike_low,NCV_TRANSFER_BETA,end_to_end,match_gcv_50000_se,0.021926106106842785,1,214608,214608,0,50,100,200,projected_from_empirical_single_n,shared reference NCV training counted once,1.9935575578564746,1.9935575578564746,0.7015561069999876,0.7015561069999876,shared_reference_training_runtime_s|pilot_runtime_s,1.9935575578564746,pricing_runtime_s,2.6951136648564624,1.9935575578564746,0.7015561069999876,2.6951136648564624,True,
strike_low,NCV_TRANSFER_BETA,end_to_end,match_scratch_50000_se,0.7546671926734114,1,182,182,0,50,100,200,projected_from_empirical_single_n,shared reference NCV training counted once,0.001690652144980049,0.001690652144980049,0.7015561069999876,0.7015561069999876,shared_reference_training_runtime_s|pilot_runtime_s,0.001690652144980049,pricing_runtime_s,0.7032467591449677,0.001690652144980049,0.7015561069999876,0.7032467591449677,True,
strike_low,NCV_TRANSFER_BETA,end_to_end,fixed_se_0.001,0.001,1,103173426,103173426,0,50,100,200,projected_from_empirical_single_n,shared reference NCV training counted once,958.4086481969251,958.4086481969251,0.7015561069999876,0.7015561069999876,shared_reference_training_runtime_s|pilot_runtime_s,958.4086481969251,pricing_runtime_s,959.1102043039251,958.4086481969251,0.7015561069999876,959.1102043039251,True,
strike_high,MC,end_to_end,match_gcv_50000_se,0.013547463315498488,1,17986,17986,0,0,0,200,projected_from_empirical_single_n,no setup cost,0.14393134625622223,0.14393134625622223,0.0,NA,none,0.14393134625622223,pricing_runtime_s,0.14393134625622223,0.14393134625622223,0.0,0.14393134625622223,True,
strike_high,MC,end_to_end,match_scratch_50000_se,0.16907363757086816,1,116,116,0,0,0,200,projected_from_empirical_single_n,no setup cost,0.0009282795599756354,0.0009282795599756354,0.0,NA,none,0.0009282795599756354,pricing_runtime_s,0.0009282795599756354,0.0009282795599756354,0.0,0.0009282795599756354,True,
strike_high,MC,end_to_end,fixed_se_0.001,0.001,1,3300873,3300873,0,0,0,200,projected_from_empirical_single_n,no setup cost,26.414939103236684,26.414939103236684,0.0,NA,none,26.414939103236684,pricing_runtime_s,26.414939103236684,26.414939103236684,0.0,26.414939103236684,True,
strike_high,AV,end_to_end,match_gcv_50000_se,0.013547463315498488,1,20789,41578,0,0,0,200,projected_from_empirical_single_n,no setup cost,0.2529687116748468,0.2529687116748468,0.0,NA,none,0.2529687116748468,pricing_runtime_s,0.2529687116748468,0.2529687116748468,0.0,0.2529687116748468,True,
strike_high,AV,end_to_end,match_scratch_50000_se,0.16907363757086816,1,134,268,0,0,0,200,projected_from_empirical_single_n,no setup cost,0.0016305645949506698,0.0016305645949506698,0.0,NA,none,0.0016305645949506698,pricing_runtime_s,0.0016305645949506698,0.0016305645949506698,0.0,0.0016305645949506698,True,
strike_high,AV,end_to_end,fixed_se_0.001,0.001,1,3815343,7630686,0,0,0,200,projected_from_empirical_single_n,no setup cost,46.426591144722934,46.426591144722934,0.0,NA,none,46.426591144722934,pricing_runtime_s,46.426591144722934,46.426591144722934,0.0,46.426591144722934,True,
strike_high,GCV,end_to_end,match_gcv_50000_se,0.013547463315498488,1,209,209,0,50,0,200,projected_from_empirical_single_n,GCV pilot counted once per target,0.0022018217924528473,0.0022018217924528473,0.001054372500050249,NA,pilot_runtime_s,0.0022018217924528473,pricing_runtime_s,0.0032561942925030964,0.0022018217924528473,0.001054372500050249,0.0032561942925030964,True,
strike_high,GCV,end_to_end,match_scratch_50000_se,0.16907363757086816,1,2,2,0,50,0,200,projected_from_empirical_single_n,GCV pilot counted once per target,2.1070064999548776e-05,2.1070064999548776e-05,0.001054372500050249,NA,pilot_runtime_s,2.1070064999548776e-05,pricing_runtime_s,0.0010754425650497978,2.1070064999548776e-05,0.001054372500050249,0.0010754425650497978,True,
strike_high,GCV,end_to_end,fixed_se_0.001,0.001,1,38179,38179,0,50,0,200,projected_from_empirical_single_n,GCV pilot counted once per target,0.40221700580888636,0.40221700580888636,0.001054372500050249,NA,pilot_runtime_s,0.40221700580888636,pricing_runtime_s,0.4032713783089366,0.40221700580888636,0.001054372500050249,0.4032713783089366,True,
strike_high,NCV_SCRATCH,end_to_end,match_gcv_50000_se,0.013547463315498488,1,31213,31213,100,0,0,200,projected_from_empirical_single_n,target NCV setup (training-data generation + optimizer runtime) counted once; validation/tuning evaluation excluded,0.6775533883345841,0.6775533883345841,0.1803381775000048,0.1803381775000048,ncv_setup_cost_s,0.6775533883345841,pricing_runtime_s,0.8578915658345889,0.6775533883345841,0.1803381775000048,0.8578915658345889,True,
strike_high,NCV_SCRATCH,end_to_end,match_scratch_50000_se,0.16907363757086816,1,201,201,100,0,0,200,projected_from_empirical_single_n,target NCV setup (training-data generation + optimizer runtime) counted once; validation/tuning evaluation excluded,0.00436318941002952,0.00436318941002952,0.1803381775000048,0.1803381775000048,ncv_setup_cost_s,0.00436318941002952,pricing_runtime_s,0.18470136691003433,0.00436318941002952,0.1803381775000048,0.18470136691003433,True,
strike_high,NCV_SCRATCH,end_to_end,fixed_se_0.001,0.001,1,5728622,5728622,100,0,0,200,projected_from_empirical_single_n,target NCV setup (training-data generation + optimizer runtime) counted once; validation/tuning evaluation excluded,124.35354648986133,124.35354648986133,0.1803381775000048,0.1803381775000048,ncv_setup_cost_s,124.35354648986133,pricing_runtime_s,124.53388466736133,124.35354648986133,0.1803381775000048,124.53388466736133,True,
strike_high,NCV_TRANSFER_BETA1,end_to_end,match_gcv_50000_se,0.013547463315498488,1,62073,62073,0,0,100,200,projected_from_empirical_single_n,shared reference NCV training counted once,0.7762042430837383,0.7762042430837383,0.7008628370000451,0.7008628370000451,shared_reference_training_runtime_s,0.7762042430837383,pricing_runtime_s,1.4770670800837835,0.7762042430837383,0.7008628370000451,1.4770670800837835,True,
strike_high,NCV_TRANSFER_BETA1,end_to_end,match_scratch_50000_se,0.16907363757086816,1,399,399,0,0,100,200,projected_from_empirical_single_n,shared reference NCV training counted once,0.00498937529989547,0.00498937529989547,0.7008628370000451,0.7008628370000451,shared_reference_training_runtime_s,0.00498937529989547,pricing_runtime_s,0.7058522122999407,0.00498937529989547,0.7008628370000451,0.7058522122999407,True,
strike_high,NCV_TRANSFER_BETA1,end_to_end,fixed_se_0.001,0.001,1,11392371,11392371,0,0,100,200,projected_from_empirical_single_n,shared reference NCV training counted once,142.45818164071545,142.45818164071545,0.7008628370000451,0.7008628370000451,shared_reference_training_runtime_s,142.45818164071545,pricing_runtime_s,143.1590444777155,142.45818164071545,0.7008628370000451,143.1590444777155,True,
strike_high,NCV_TRANSFER_BETA,end_to_end,match_gcv_50000_se,0.013547463315498488,1,17170,17170,0,50,100,200,projected_from_empirical_single_n,shared reference NCV training counted once,0.1694202961773641,0.1694202961773641,0.7015438545000734,0.7015438545000734,shared_reference_training_runtime_s|pilot_runtime_s,0.1694202961773641,pricing_runtime_s,0.8709641506774375,0.1694202961773641,0.7015438545000734,0.8709641506774375,True,
strike_high,NCV_TRANSFER_BETA,end_to_end,match_scratch_50000_se,0.16907363757086816,1,111,111,0,50,100,200,projected_from_empirical_single_n,shared reference NCV training counted once,0.0010952622525152835,0.0010952622525152835,0.7015438545000734,0.7015438545000734,shared_reference_training_runtime_s|pilot_runtime_s,0.0010952622525152835,pricing_runtime_s,0.7026391167525887,0.0010952622525152835,0.7015438545000734,0.7026391167525887,True,
strike_high,NCV_TRANSFER_BETA,end_to_end,fixed_se_0.001,0.001,1,3151262,3151262,0,50,100,200,projected_from_empirical_single_n,shared reference NCV training counted once,31.09421906653889,31.09421906653889,0.7015438545000734,0.7015438545000734,shared_reference_training_runtime_s|pilot_runtime_s,31.09421906653889,pricing_runtime_s,31.795762921038964,31.09421906653889,0.7015438545000734,31.795762921038964,True,
volatility_low,MC,end_to_end,match_gcv_50000_se,0.004766705189747557,1,928885,928885,0,0,0,200,projected_from_empirical_single_n,no setup cost,7.514003886216457,7.514003886216457,0.0,NA,none,7.514003886216457,pricing_runtime_s,7.514003886216457,7.514003886216457,0.0,7.514003886216457,True,
volatility_low,MC,end_to_end,match_scratch_50000_se,0.2924309335265249,1,247,247,0,0,0,200,projected_from_empirical_single_n,no setup cost,0.0019980503075143477,0.0019980503075143477,0.0,NA,none,0.0019980503075143477,pricing_runtime_s,0.0019980503075143477,0.0019980503075143477,0.0,0.0019980503075143477,True,
volatility_low,MC,end_to_end,fixed_se_0.001,0.001,1,21105636,21105636,0,0,0,200,projected_from_empirical_single_n,no setup cost,170.729240891036,170.729240891036,0.0,NA,none,170.729240891036,pricing_runtime_s,170.729240891036,170.729240891036,0.0,170.729240891036,True,
volatility_low,AV,end_to_end,match_gcv_50000_se,0.004766705189747557,1,145903,291806,0,0,0,200,projected_from_empirical_single_n,no setup cost,1.7858611093864278,1.7858611093864278,0.0,NA,none,1.7858611093864278,pricing_runtime_s,1.7858611093864278,1.7858611093864278,0.0,1.7858611093864278,True,
volatility_low,AV,end_to_end,match_scratch_50000_se,0.2924309335265249,1,39,78,0,0,0,200,projected_from_empirical_single_n,no setup cost,0.0004773622424903579,0.0004773622424903579,0.0,NA,none,0.0004773622424903579,pricing_runtime_s,0.0004773622424903579,0.0004773622424903579,0.0,0.0004773622424903579,True,
volatility_low,AV,end_to_end,fixed_se_0.001,0.001,1,3315131,6630262,0,0,0,200,projected_from_empirical_single_n,no setup cost,40.57739405921289,40.57739405921289,0.0,NA,none,40.57739405921289,pricing_runtime_s,40.57739405921289,40.57739405921289,0.0,40.57739405921289,True,
volatility_low,GCV,end_to_end,match_gcv_50000_se,0.004766705189747557,1,205,205,0,50,0,200,projected_from_empirical_single_n,GCV pilot counted once per target,0.0021614892500650736,0.0021614892500650736,0.0010499839999624783,NA,pilot_runtime_s,0.0021614892500650736,pricing_runtime_s,0.003211473250027552,0.0021614892500650736,0.0010499839999624783,0.003211473250027552,True,
volatility_low,GCV,end_to_end,match_scratch_50000_se,0.2924309335265249,1,2,2,0,50,0,200,projected_from_empirical_single_n,GCV pilot counted once per target,2.1087700000634866e-05,2.1087700000634866e-05,0.0010499839999624783,NA,pilot_runtime_s,2.1087700000634866e-05,pricing_runtime_s,0.0010710716999631131,2.1087700000634866e-05,0.0010499839999624783,0.0010710716999631131,True,
volatility_low,GCV,end_to_end,fixed_se_0.001,0.001,1,4642,4642,0,50,0,200,projected_from_empirical_single_n,GCV pilot counted once per target,0.04894455170147352,0.04894455170147352,0.0010499839999624783,NA,pilot_runtime_s,0.04894455170147352,pricing_runtime_s,0.049994535701436,0.04894455170147352,0.0010499839999624783,0.049994535701436,True,
volatility_low,NCV_SCRATCH,end_to_end,match_gcv_50000_se,0.004766705189747557,1,754400,754400,100,0,0,200,projected_from_empirical_single_n,target NCV setup (training-data generation + optimizer runtime) counted once; validation/tuning evaluation excluded,15.393809242013731,15.393809242013731,0.18097749600002544,0.18097749600002544,ncv_setup_cost_s,15.393809242013731,pricing_runtime_s,15.574786738013756,15.393809242013731,0.18097749600002544,15.574786738013756,True,
volatility_low,NCV_SCRATCH,end_to_end,match_scratch_50000_se,0.2924309335265249,1,201,201,100,0,0,200,projected_from_empirical_single_n,target NCV setup (training-data generation + optimizer runtime) counted once; validation/tuning evaluation excluded,0.004101478867503659,0.004101478867503659,0.18097749600002544,0.18097749600002544,ncv_setup_cost_s,0.004101478867503659,pricing_runtime_s,0.1850789748675291,0.004101478867503659,0.18097749600002544,0.1850789748675291,True,
volatility_low,NCV_SCRATCH,end_to_end,fixed_se_0.001,0.001,1,17141061,17141061,100,0,0,200,projected_from_empirical_single_n,target NCV setup (training-data generation + optimizer runtime) counted once; validation/tuning evaluation excluded,349.76964904522947,349.76964904522947,0.18097749600002544,0.18097749600002544,ncv_setup_cost_s,349.76964904522947,pricing_runtime_s,349.9506265412295,349.76964904522947,0.18097749600002544,349.9506265412295,True,
volatility_low,NCV_TRANSFER_BETA1,end_to_end,match_gcv_50000_se,0.004766705189747557,1,839959,839959,0,0,100,200,projected_from_empirical_single_n,shared reference NCV training counted once,10.439963805409498,10.439963805409498,0.7008628370000451,0.7008628370000451,shared_reference_training_runtime_s,10.439963805409498,pricing_runtime_s,11.140826642409543,10.439963805409498,0.7008628370000451,11.140826642409543,True,
volatility_low,NCV_TRANSFER_BETA1,end_to_end,match_scratch_50000_se,0.2924309335265249,1,224,224,0,0,100,200,projected_from_empirical_single_n,shared reference NCV training counted once,0.002784126239985199,0.002784126239985199,0.7008628370000451,0.7008628370000451,shared_reference_training_runtime_s,0.002784126239985199,pricing_runtime_s,0.7036469632400304,0.002784126239985199,0.7008628370000451,0.7036469632400304,True,
volatility_low,NCV_TRANSFER_BETA1,end_to_end,fixed_se_0.001,0.001,1,19085102,19085102,0,0,100,200,projected_from_empirical_single_n,shared reference NCV training counted once,237.21130924550891,237.21130924550891,0.7008628370000451,0.7008628370000451,shared_reference_training_runtime_s,237.21130924550891,pricing_runtime_s,237.91217208250896,237.21130924550891,0.7008628370000451,237.91217208250896,True,
volatility_low,NCV_TRANSFER_BETA,end_to_end,match_gcv_50000_se,0.004766705189747557,1,803134,803134,0,50,100,200,projected_from_empirical_single_n,shared reference NCV training counted once,7.487909417868125,7.487909417868125,0.7015437590000602,0.7015437590000602,shared_reference_training_runtime_s|pilot_runtime_s,7.487909417868125,pricing_runtime_s,8.189453176868184,7.487909417868125,0.7015437590000602,8.189453176868184,True,
volatility_low,NCV_TRANSFER_BETA,end_to_end,match_scratch_50000_se,0.2924309335265249,1,214,214,0,50,100,200,projected_from_empirical_single_n,shared reference NCV training counted once,0.001995199574944877,0.001995199574944877,0.7015437590000602,0.7015437590000602,shared_reference_training_runtime_s|pilot_runtime_s,0.001995199574944877,pricing_runtime_s,0.703538958575005,0.001995199574944877,0.7015437590000602,0.703538958575005,True,
volatility_low,NCV_TRANSFER_BETA,end_to_end,fixed_se_0.001,0.001,1,18248376,18248376,0,50,100,200,projected_from_empirical_single_n,shared reference NCV training counted once,170.13622447959952,170.13622447959952,0.7015437590000602,0.7015437590000602,shared_reference_training_runtime_s|pilot_runtime_s,170.13622447959952,pricing_runtime_s,170.83776823859958,170.13622447959952,0.7015437590000602,170.83776823859958,True,
volatility_high,MC,end_to_end,match_gcv_50000_se,0.0876480018594703,1,50947,50947,0,0,0,200,projected_from_empirical_single_n,no setup cost,0.4101294636403646,0.4101294636403646,0.0,NA,none,0.4101294636403646,pricing_runtime_s,0.4101294636403646,0.4101294636403646,0.0,0.4101294636403646,True,
volatility_high,MC,end_to_end,match_scratch_50000_se,1.305172248262652,1,230,230,0,0,0,200,projected_from_empirical_single_n,no setup cost,0.001851527600001646,0.001851527600001646,0.0,NA,none,0.001851527600001646,pricing_runtime_s,0.001851527600001646,0.001851527600001646,0.0,0.001851527600001646,True,
volatility_high,MC,end_to_end,fixed_se_0.001,0.001,1,391378801,391378801,0,0,0,200,projected_from_empirical_single_n,no setup cost,3150.6463135089207,3150.6463135089207,0.0,NA,none,3150.6463135089207,pricing_runtime_s,3150.6463135089207,3150.6463135089207,0.0,3150.6463135089207,True,
volatility_high,AV,end_to_end,match_gcv_50000_se,0.0876480018594703,1,19081,38162,0,0,0,200,projected_from_empirical_single_n,no setup cost,0.2351033454269583,0.2351033454269583,0.0,NA,none,0.2351033454269583,pricing_runtime_s,0.2351033454269583,0.2351033454269583,0.0,0.2351033454269583,True,
volatility_high,AV,end_to_end,match_scratch_50000_se,1.305172248262652,1,87,174,0,0,0,200,projected_from_empirical_single_n,no setup cost,0.0010719559274747325,0.0010719559274747325,0.0,NA,none,0.0010719559274747325,pricing_runtime_s,0.0010719559274747325,0.0010719559274747325,0.0,0.0010719559274747325,True,
volatility_high,AV,end_to_end,fixed_se_0.001,0.001,1,146580413,293160826,0,0,0,200,projected_from_empirical_single_n,no setup cost,1806.0660065177512,1806.0660065177512,0.0,NA,none,1806.0660065177512,pricing_runtime_s,1806.0660065177512,1806.0660065177512,0.0,1806.0660065177512,True,
volatility_high,GCV,end_to_end,match_gcv_50000_se,0.0876480018594703,1,202,202,0,50,0,200,projected_from_empirical_single_n,GCV pilot counted once per target,0.0021569514550219535,0.0021569514550219535,0.0010541170000237798,NA,pilot_runtime_s,0.0021569514550219535,pricing_runtime_s,0.0032110684550457334,0.0021569514550219535,0.0010541170000237798,0.0032110684550457334,True,
volatility_high,GCV,end_to_end,match_scratch_50000_se,1.305172248262652,1,2,2,0,50,0,200,projected_from_empirical_single_n,GCV pilot counted once per target,2.1355955000217363e-05,2.1355955000217363e-05,0.0010541170000237798,NA,pilot_runtime_s,2.1355955000217363e-05,pricing_runtime_s,0.0010754729550239972,2.1355955000217363e-05,0.0010541170000237798,0.0010754729550239972,True,
volatility_high,GCV,end_to_end,fixed_se_0.001,0.001,1,1546413,1546413,0,50,0,200,projected_from_empirical_single_n,GCV pilot counted once per target,16.512563219875567,16.512563219875567,0.0010541170000237798,NA,pilot_runtime_s,16.512563219875567,pricing_runtime_s,16.51361733687559,16.512563219875567,0.0010541170000237798,16.51361733687559,True,
volatility_high,NCV_SCRATCH,end_to_end,match_gcv_50000_se,0.0876480018594703,1,44402,44402,100,0,0,200,projected_from_empirical_single_n,target NCV setup (training-data generation + optimizer runtime) counted once; validation/tuning evaluation excluded,0.9995375291899025,0.9995375291899025,0.1801271265000537,0.1801271265000537,ncv_setup_cost_s,0.9995375291899025,pricing_runtime_s,1.1796646556899562,0.9995375291899025,0.1801271265000537,1.1796646556899562,True,
volatility_high,NCV_SCRATCH,end_to_end,match_scratch_50000_se,1.305172248262652,1,201,201,100,0,0,200,projected_from_empirical_single_n,target NCV setup (training-data generation + optimizer runtime) counted once; validation/tuning evaluation excluded,0.004524729592522193,0.004524729592522193,0.1801271265000537,0.1801271265000537,ncv_setup_cost_s,0.004524729592522193,pricing_runtime_s,0.1846518560925759,0.004524729592522193,0.1801271265000537,0.1846518560925759,True,
volatility_high,NCV_SCRATCH,end_to_end,fixed_se_0.001,0.001,1,341097499,341097499,100,0,0,200,projected_from_empirical_single_n,target NCV setup (training-data generation + optimizer runtime) counted once; validation/tuning evaluation excluded,7678.477351545318,7678.477351545318,0.1801271265000537,0.1801271265000537,ncv_setup_cost_s,7678.477351545318,pricing_runtime_s,7678.657478671818,7678.477351545318,0.1801271265000537,7678.657478671818,True,
volatility_high,NCV_TRANSFER_BETA1,end_to_end,match_gcv_50000_se,0.0876480018594703,1,45311,45311,0,0,100,200,projected_from_empirical_single_n,shared reference NCV training counted once,0.7881198237133449,0.7881198237133449,0.7008628370000451,0.7008628370000451,shared_reference_training_runtime_s,0.7881198237133449,pricing_runtime_s,1.48898266071339,0.7881198237133449,0.7008628370000451,1.48898266071339,True,
volatility_high,NCV_TRANSFER_BETA1,end_to_end,match_scratch_50000_se,1.305172248262652,1,205,205,0,0,100,200,projected_from_empirical_single_n,shared reference NCV training counted once,0.0035656808249925117,0.0035656808249925117,0.7008628370000451,0.7008628370000451,shared_reference_training_runtime_s,0.0035656808249925117,pricing_runtime_s,0.7044285178250377,0.0035656808249925117,0.7008628370000451,0.7044285178250377,True,
volatility_high,NCV_TRANSFER_BETA1,end_to_end,fixed_se_0.001,0.001,1,348086288,348086288,0,0,100,200,projected_from_empirical_single_n,shared reference NCV training counted once,6054.461475924005,6054.461475924005,0.7008628370000451,0.7008628370000451,shared_reference_training_runtime_s,6054.461475924005,pricing_runtime_s,6055.162338761005,6054.461475924005,0.7008628370000451,6055.162338761005,True,
volatility_high,NCV_TRANSFER_BETA,end_to_end,match_gcv_50000_se,0.0876480018594703,1,43489,43489,0,50,100,200,projected_from_empirical_single_n,shared reference NCV training counted once,0.40334166601616656,0.40334166601616656,0.7015611565000199,0.7015611565000199,shared_reference_training_runtime_s|pilot_runtime_s,0.40334166601616656,pricing_runtime_s,1.1049028225161865,0.40334166601616656,0.7015611565000199,1.1049028225161865,True,
volatility_high,NCV_TRANSFER_BETA,end_to_end,match_scratch_50000_se,1.305172248262652,1,197,197,0,50,100,200,projected_from_empirical_single_n,shared reference NCV training counted once,0.0018270897975392584,0.0018270897975392584,0.7015611565000199,0.7015611565000199,shared_reference_training_runtime_s|pilot_runtime_s,0.0018270897975392584,pricing_runtime_s,0.7033882462975591,0.0018270897975392584,0.7015611565000199,0.7033882462975591,True,
volatility_high,NCV_TRANSFER_BETA,end_to_end,fixed_se_0.001,0.001,1,334087100,334087100,0,50,100,200,projected_from_empirical_single_n,shared reference NCV training counted once,3098.5133598958273,3098.5133598958273,0.7015611565000199,0.7015611565000199,shared_reference_training_runtime_s|pilot_runtime_s,3098.5133598958273,pricing_runtime_s,3099.2149210523276,3098.5133598958273,0.7015611565000199,3099.2149210523276,True,
maturity_short,MC,end_to_end,match_gcv_50000_se,0.007935714164116476,1,508895,508895,0,0,0,200,projected_from_empirical_single_n,no setup cost,4.078260357455312,4.078260357455312,0.0,NA,none,4.078260357455312,pricing_runtime_s,4.078260357455312,4.078260357455312,0.0,4.078260357455312,True,
maturity_short,MC,end_to_end,match_scratch_50000_se,0.3708832298288445,1,233,233,0,0,0,200,projected_from_empirical_single_n,no setup cost,0.0018672509324852624,0.0018672509324852624,0.0,NA,none,0.0018672509324852624,pricing_runtime_s,0.0018672509324852624,0.0018672509324852624,0.0,0.0018672509324852624,True,
maturity_short,MC,end_to_end,fixed_se_0.001,0.001,1,32047947,32047947,0,0,0,200,projected_from_empirical_single_n,no setup cost,256.8307249784904,256.8307249784904,0.0,NA,none,256.8307249784904,pricing_runtime_s,256.8307249784904,256.8307249784904,0.0,256.8307249784904,True,
maturity_short,AV,end_to_end,match_gcv_50000_se,0.007935714164116476,1,116709,233418,0,0,0,200,projected_from_empirical_single_n,no setup cost,1.430538684598684,1.430538684598684,0.0,NA,none,1.430538684598684,pricing_runtime_s,1.430538684598684,1.430538684598684,0.0,1.430538684598684,True,
maturity_short,AV,end_to_end,match_scratch_50000_se,0.3708832298288445,1,54,108,0,0,0,200,projected_from_empirical_single_n,no setup cost,0.0006618948750167419,0.0006618948750167419,0.0,NA,none,0.0006618948750167419,pricing_runtime_s,0.0006618948750167419,0.0006618948750167419,0.0,0.0006618948750167419,True,
maturity_short,AV,end_to_end,fixed_se_0.001,0.001,1,7349794,14699588,0,0,0,200,projected_from_empirical_single_n,no setup cost,90.0887218709037,90.0887218709037,0.0,NA,none,90.0887218709037,pricing_runtime_s,90.0887218709037,90.0887218709037,0.0,90.0887218709037,True,
maturity_short,GCV,end_to_end,match_gcv_50000_se,0.007935714164116476,1,203,203,0,50,0,200,projected_from_empirical_single_n,GCV pilot counted once per target,0.002148963582484953,0.002148963582484953,0.0010786375000293447,NA,pilot_runtime_s,0.002148963582484953,pricing_runtime_s,0.0032276010825142976,0.002148963582484953,0.0010786375000293447,0.0032276010825142976,True,
maturity_short,GCV,end_to_end,match_scratch_50000_se,0.3708832298288445,1,2,2,0,50,0,200,projected_from_empirical_single_n,GCV pilot counted once per target,2.1172054999851753e-05,2.1172054999851753e-05,0.0010786375000293447,NA,pilot_runtime_s,2.1172054999851753e-05,pricing_runtime_s,0.0010998095550291964,2.1172054999851753e-05,0.0010786375000293447,0.0010998095550291964,True,
maturity_short,GCV,end_to_end,fixed_se_0.001,0.001,1,12745,12745,0,50,0,200,projected_from_empirical_single_n,GCV pilot counted once per target,0.1349189204865553,0.1349189204865553,0.0010786375000293447,NA,pilot_runtime_s,0.1349189204865553,pricing_runtime_s,0.13599755798658464,0.1349189204865553,0.0010786375000293447,0.13599755798658464,True,
maturity_short,NCV_SCRATCH,end_to_end,match_gcv_50000_se,0.007935714164116476,1,436899,436899,100,0,0,200,projected_from_empirical_single_n,target NCV setup (training-data generation + optimizer runtime) counted once; validation/tuning evaluation excluded,9.975832829795005,9.975832829795005,0.2070429289999538,0.2070429289999538,ncv_setup_cost_s,9.975832829795005,pricing_runtime_s,10.182875758794959,9.975832829795005,0.2070429289999538,10.182875758794959,True,
maturity_short,NCV_SCRATCH,end_to_end,match_scratch_50000_se,0.3708832298288445,1,201,201,100,0,0,200,projected_from_empirical_single_n,target NCV setup (training-data generation + optimizer runtime) counted once; validation/tuning evaluation excluded,0.004589487270029906,0.004589487270029906,0.2070429289999538,0.2070429289999538,ncv_setup_cost_s,0.004589487270029906,pricing_runtime_s,0.21163241626998372,0.004589487270029906,0.2070429289999538,0.21163241626998372,True,
maturity_short,NCV_SCRATCH,end_to_end,fixed_se_0.001,0.001,1,27513908,27513908,100,0,0,200,projected_from_empirical_single_n,target NCV setup (training-data generation + optimizer runtime) counted once; validation/tuning evaluation excluded,628.2324901232538,628.2324901232538,0.2070429289999538,0.2070429289999538,ncv_setup_cost_s,628.2324901232538,pricing_runtime_s,628.4395330522538,628.2324901232538,0.2070429289999538,628.4395330522538,True,
maturity_short,NCV_TRANSFER_BETA1,end_to_end,match_gcv_50000_se,0.007935714164116476,1,447646,447646,0,0,100,200,projected_from_empirical_single_n,shared reference NCV training counted once,8.881275376754532,8.881275376754532,0.7008628370000451,0.7008628370000451,shared_reference_training_runtime_s,8.881275376754532,pricing_runtime_s,9.582138213754577,8.881275376754532,0.7008628370000451,9.582138213754577,True,
maturity_short,NCV_TRANSFER_BETA1,end_to_end,match_scratch_50000_se,0.3708832298288445,1,205,205,0,0,100,200,projected_from_empirical_single_n,shared reference NCV training counted once,0.004067190262472309,0.004067190262472309,0.7008628370000451,0.7008628370000451,shared_reference_training_runtime_s,0.004067190262472309,pricing_runtime_s,0.7049300272625174,0.004067190262472309,0.7008628370000451,0.7049300272625174,True,
maturity_short,NCV_TRANSFER_BETA1,end_to_end,fixed_se_0.001,0.001,1,28190752,28190752,0,0,100,200,projected_from_empirical_single_n,shared reference NCV training counted once,559.303180615472,559.303180615472,0.7008628370000451,0.7008628370000451,shared_reference_training_runtime_s,559.303180615472,pricing_runtime_s,560.004043452472,559.303180615472,0.7008628370000451,560.004043452472,True,
maturity_short,NCV_TRANSFER_BETA,end_to_end,match_gcv_50000_se,0.007935714164116476,1,497097,497097,0,50,100,200,projected_from_empirical_single_n,shared reference NCV training counted once,4.651521797578754,4.651521797578754,0.7015658210000879,0.7015658210000879,shared_reference_training_runtime_s|pilot_runtime_s,4.651521797578754,pricing_runtime_s,5.353087618578842,4.651521797578754,0.7015658210000879,5.353087618578842,True,
maturity_short,NCV_TRANSFER_BETA,end_to_end,match_scratch_50000_se,0.3708832298288445,1,228,228,0,50,100,200,projected_from_empirical_single_n,shared reference NCV training counted once,0.002133480929975349,0.002133480929975349,0.7015658210000879,0.7015658210000879,shared_reference_training_runtime_s|pilot_runtime_s,0.002133480929975349,pricing_runtime_s,0.7036993019300632,0.002133480929975349,0.7015658210000879,0.7036993019300632,True,
maturity_short,NCV_TRANSFER_BETA,end_to_end,fixed_se_0.001,0.001,1,31304942,31304942,0,50,100,200,projected_from_empirical_single_n,shared reference NCV training counted once,292.93200338151036,292.93200338151036,0.7015658210000879,0.7015658210000879,shared_reference_training_runtime_s|pilot_runtime_s,292.93200338151036,pricing_runtime_s,293.63356920251044,292.93200338151036,0.7015658210000879,293.63356920251044,True,
maturity_long,MC,end_to_end,match_gcv_50000_se,0.0424628395066858,1,90686,90686,0,0,0,200,projected_from_empirical_single_n,no setup cost,0.729665450587608,0.729665450587608,0.0,NA,none,0.729665450587608,pricing_runtime_s,0.729665450587608,0.729665450587608,0.0,0.729665450587608,True,
maturity_long,MC,end_to_end,match_scratch_50000_se,0.837598293518316,1,234,234,0,0,0,200,projected_from_empirical_single_n,no setup cost,0.0018827792099938279,0.0018827792099938279,0.0,NA,none,0.0018827792099938279,pricing_runtime_s,0.0018827792099938279,0.0018827792099938279,0.0,0.0018827792099938279,True,
maturity_long,MC,end_to_end,fixed_se_0.001,0.001,1,163513876,163513876,0,0,0,200,projected_from_empirical_single_n,no setup cost,1315.643274693627,1315.643274693627,0.0,NA,none,1315.643274693627,pricing_runtime_s,1315.643274693627,1315.643274693627,0.0,1315.643274693627,True,
maturity_long,AV,end_to_end,match_gcv_50000_se,0.0424628395066858,1,22531,45062,0,0,0,200,projected_from_empirical_single_n,no setup cost,0.27408995296101524,0.27408995296101524,0.0,NA,none,0.27408995296101524,pricing_runtime_s,0.27408995296101524,0.27408995296101524,0.0,0.27408995296101524,True,
maturity_long,AV,end_to_end,match_scratch_50000_se,0.837598293518316,1,58,116,0,0,0,200,projected_from_empirical_single_n,no setup cost,0.0007055708699897423,0.0007055708699897423,0.0,NA,none,0.0007055708699897423,pricing_runtime_s,0.0007055708699897423,0.0007055708699897423,0.0,0.0007055708699897423,True,
maturity_long,AV,end_to_end,fixed_se_0.001,0.001,1,40624805,81249610,0,0,0,200,projected_from_empirical_single_n,no setup cost,494.20136218989023,494.20136218989023,0.0,NA,none,494.20136218989023,pricing_runtime_s,494.20136218989023,494.20136218989023,0.0,494.20136218989023,True,
maturity_long,GCV,end_to_end,match_gcv_50000_se,0.0424628395066858,1,202,202,0,50,0,200,projected_from_empirical_single_n,GCV pilot counted once per target,0.0021516888499866125,0.0021516888499866125,0.0010535260000210656,NA,pilot_runtime_s,0.0021516888499866125,pricing_runtime_s,0.003205214850007678,0.0021516888499866125,0.0010535260000210656,0.003205214850007678,True,
maturity_long,GCV,end_to_end,match_scratch_50000_se,0.837598293518316,1,2,2,0,50,0,200,projected_from_empirical_single_n,GCV pilot counted once per target,2.130384999986745e-05,2.130384999986745e-05,0.0010535260000210656,NA,pilot_runtime_s,2.130384999986745e-05,pricing_runtime_s,0.001074829850020933,2.130384999986745e-05,0.0010535260000210656,0.001074829850020933,True,
maturity_long,GCV,end_to_end,fixed_se_0.001,0.001,1,362736,362736,0,50,0,200,projected_from_empirical_single_n,GCV pilot counted once per target,3.86383666677596,3.86383666677596,0.0010535260000210656,NA,pilot_runtime_s,3.86383666677596,pricing_runtime_s,3.864890192775981,3.86383666677596,0.0010535260000210656,3.864890192775981,True,
maturity_long,NCV_SCRATCH,end_to_end,match_gcv_50000_se,0.0424628395066858,1,77927,77927,100,0,0,200,projected_from_empirical_single_n,target NCV setup (training-data generation + optimizer runtime) counted once; validation/tuning evaluation excluded,1.6861670872527834,1.6861670872527834,0.18629645799995842,0.18629645799995842,ncv_setup_cost_s,1.6861670872527834,pricing_runtime_s,1.8724635452527418,1.6861670872527834,0.18629645799995842,1.8724635452527418,True,
maturity_long,NCV_SCRATCH,end_to_end,match_scratch_50000_se,0.837598293518316,1,201,201,100,0,0,200,projected_from_empirical_single_n,target NCV setup (training-data generation + optimizer runtime) counted once; validation/tuning evaluation excluded,0.004349193277526524,0.004349193277526524,0.18629645799995842,0.18629645799995842,ncv_setup_cost_s,0.004349193277526524,pricing_runtime_s,0.19064565127748495,0.004349193277526524,0.18629645799995842,0.19064565127748495,True,
maturity_long,NCV_SCRATCH,end_to_end,fixed_se_0.001,0.001,1,140508859,140508859,100,0,0,200,projected_from_empirical_single_n,target NCV setup (training-data generation + optimizer runtime) counted once; validation/tuning evaluation excluded,3040.299427839414,3040.299427839414,0.18629645799995842,0.18629645799995842,ncv_setup_cost_s,3040.299427839414,pricing_runtime_s,3040.485724297414,3040.299427839414,0.18629645799995842,3040.485724297414,True,
maturity_long,NCV_TRANSFER_BETA1,end_to_end,match_gcv_50000_se,0.0424628395066858,1,79829,79829,0,0,100,200,projected_from_empirical_single_n,shared reference NCV training counted once,0.9871268965053135,0.9871268965053135,0.7008628370000451,0.7008628370000451,shared_reference_training_runtime_s,0.9871268965053135,pricing_runtime_s,1.6879897335053586,0.9871268965053135,0.7008628370000451,1.6879897335053586,True,
maturity_long,NCV_TRANSFER_BETA1,end_to_end,match_scratch_50000_se,0.837598293518316,1,206,206,0,0,100,200,projected_from_empirical_single_n,shared reference NCV training counted once,0.0025472966049943577,0.0025472966049943577,0.7008628370000451,0.7008628370000451,shared_reference_training_runtime_s,0.0025472966049943577,pricing_runtime_s,0.7034101336050395,0.0025472966049943577,0.7008628370000451,0.7034101336050395,True,
maturity_long,NCV_TRANSFER_BETA1,end_to_end,fixed_se_0.001,0.001,1,143937787,143937787,0,0,100,200,projected_from_empirical_single_n,shared reference NCV training counted once,1779.8652240558301,1779.8652240558301,0.7008628370000451,0.7008628370000451,shared_reference_training_runtime_s,1779.8652240558301,pricing_runtime_s,1780.5660868928303,1779.8652240558301,0.7008628370000451,1780.5660868928303,True,
maturity_long,NCV_TRANSFER_BETA,end_to_end,match_gcv_50000_se,0.0424628395066858,1,80063,80063,0,50,100,200,projected_from_empirical_single_n,shared reference NCV training counted once,0.7455196347474586,0.7455196347474586,0.7015447960000643,0.7015447960000643,shared_reference_training_runtime_s|pilot_runtime_s,0.7455196347474586,pricing_runtime_s,1.447064430747523,0.7455196347474586,0.7015447960000643,1.447064430747523,True,
maturity_long,NCV_TRANSFER_BETA,end_to_end,match_scratch_50000_se,0.837598293518316,1,206,206,0,50,100,200,projected_from_empirical_single_n,shared reference NCV training counted once,0.0019182024750256234,0.0019182024750256234,0.7015447960000643,0.7015447960000643,shared_reference_training_runtime_s|pilot_runtime_s,0.0019182024750256234,pricing_runtime_s,0.7034629984750899,0.0019182024750256234,0.7015447960000643,0.7034629984750899,True,
maturity_long,NCV_TRANSFER_BETA,end_to_end,fixed_se_0.001,0.001,1,144360487,144360487,0,50,100,200,projected_from_empirical_single_n,shared reference NCV training counted once,1344.2361332975938,1344.2361332975938,0.7015447960000643,0.7015447960000643,shared_reference_training_runtime_s|pilot_runtime_s,1344.2361332975938,pricing_runtime_s,1344.9376780935938,1344.2361332975938,0.7015447960000643,1344.9376780935938,True,
